
matrix = [1001,1002;3,4]
ans = [0.26894142, 0.73105858; 0.26894142, 0.73105858];
 
